"X","t","price","promotion","Sales"
1,1,5.99,0,0
2,2,5.99,0,26
3,3,5.99,0,16
4,4,5.99,0,8
5,5,5.99,0,18
6,6,5.99,0,18
7,7,5.99,0,15
8,8,5.99,0,13
9,9,5.99,0,18
10,10,5.99,1,33
11,11,5.99,1,0
12,12,5.99,1,11
13,13,5.99,0,7
14,14,5.99,0,10
15,15,5.99,0,12
16,16,5.99,0,23
17,17,5.99,0,18
18,18,5.99,0,0
19,19,5.99,0,0
20,20,4.99,0,21
21,21,4.99,0,18
22,22,5.99,1,30
23,23,5.99,1,9
24,24,5.99,1,21
25,25,5.99,0,6
26,26,5.99,0,23
27,27,4.99,0,11
28,28,5.99,0,24
29,29,5.99,0,24
30,30,5.99,0,1
31,31,5.99,0,27
32,32,5.99,0,28
33,33,5.99,0,4
34,34,4.99,1,29
35,35,5.99,1,14
36,36,5.99,1,15
37,37,4.99,0,29
38,38,3.99,0,23
39,39,5.99,0,34
40,40,5.99,0,31
41,41,5.99,0,35
42,42,5.99,0,31
43,43,5.99,0,16
44,44,5.99,0,23
45,45,5.99,0,20
46,46,5.99,1,8
47,47,5.99,1,25
48,48,5.99,1,10
49,49,5.99,0,21
50,50,4.99,0,9
51,51,5.99,0,17
52,52,3.99,0,10
53,53,5.99,0,39
54,54,5.99,0,30
55,55,5.99,0,3
56,56,5.99,0,16
57,57,5.99,0,17
58,58,5.99,1,12
59,59,5.99,1,26
60,60,5.99,1,28
61,61,5.99,0,27
62,62,5.99,0,29
63,63,5.99,0,3
64,64,5.99,0,7
65,65,4.99,0,1
66,66,5.99,0,36
67,67,5.99,0,25
68,68,5.99,0,32
69,69,5.99,0,26
70,70,5.99,1,21
71,71,5.99,1,33
72,72,5.99,1,21
73,73,5.99,0,16
74,74,5.99,0,17
75,75,5.99,0,31
76,76,5.99,0,11
77,77,5.99,0,11
78,78,3.99,0,0
79,79,5.99,0,31
80,80,5.99,0,36
81,81,4.99,0,15
82,82,5.99,1,9
83,83,5.99,1,31
84,84,5.99,1,19
85,85,5.99,0,29
86,86,5.99,0,16
87,87,5.99,0,19
88,88,5.99,0,16
89,89,5.99,0,32
90,90,5.99,0,7
91,91,5.99,0,24
92,92,5.99,0,7
93,93,5.99,0,10
94,94,5.99,1,17
95,95,5.99,1,23
96,96,4.99,1,33
97,97,5.99,0,18
98,98,5.99,0,36
99,99,5.99,0,26
100,100,5.99,0,20
101,101,5.99,0,33
102,102,5.99,0,28
103,103,5.99,0,27
104,104,5.99,0,29
105,105,3.99,0,10
106,106,4.99,1,30
107,107,3.99,1,39
108,108,5.99,1,53
109,109,5.99,0,28
110,110,5.99,0,33
111,111,5.99,0,37
112,112,4.99,0,33
113,113,5.99,0,31
114,114,5.99,0,39
115,115,5.99,0,22
116,116,3.99,0,18
117,117,5.99,0,17
118,118,5.99,1,28
119,119,5.99,1,13
120,120,5.99,1,16
121,121,5.99,0,18
122,122,5.99,0,17
123,123,5.99,0,40
124,124,5.99,0,31
125,125,5.99,0,41
126,126,5.99,0,35
127,127,5.99,0,16
128,128,5.99,0,31
129,129,4.99,0,38
130,130,3.99,1,18
131,131,4.99,1,36
132,132,5.99,1,20
133,133,5.99,0,34
134,134,5.99,0,44
135,135,5.99,0,26
136,136,5.99,0,12
137,137,5.99,0,33
138,138,4.99,0,18
139,139,5.99,0,38
140,140,5.99,0,26
141,141,5.99,0,25
142,142,5.99,1,19
143,143,5.99,1,25
144,144,3.99,1,28
145,145,5.99,0,38
146,146,4.99,0,33
147,147,5.99,0,33
148,148,5.99,0,40
149,149,5.99,0,33
150,150,3.99,0,51
151,151,4.99,0,46
152,152,5.99,0,49
153,153,5.99,0,32
154,154,5.99,1,21
155,155,5.99,1,31
156,156,5.99,1,33
