"X","t","price","promotion","Sales"
1,1,5.99,0,73
2,2,5.99,0,68
3,3,3.99,0,66
4,4,5.99,0,86
5,5,3.99,0,80
6,6,5.99,0,70
7,7,3.99,0,71
8,8,5.99,0,92
9,9,5.99,0,-500
10,10,5.99,1,69
11,11,4.99,1,81
12,12,5.99,1,61
13,13,5.99,0,80
14,14,4.99,0,63
15,15,4.99,0,63
16,16,5.99,0,81
17,17,5.99,0,63
18,18,5.99,0,65
19,19,4.99,0,71
20,20,5.99,0,61
21,21,5.99,0,69
22,22,5.99,1,63
23,23,5.99,1,87
24,24,5.99,1,76
25,25,5.99,0,63
26,26,5.99,0,39
27,27,5.99,0,63
28,28,5.99,0,59
29,29,5.99,0,85
30,30,5.99,0,56
31,31,4.99,0,66
32,32,5.99,0,52
33,33,3.99,0,75
34,34,5.99,1,45
35,35,3.99,1,80
36,36,5.99,1,66
37,37,5.99,0,74
38,38,5.99,0,80
39,39,4.99,0,53
40,40,5.99,0,63
41,41,5.99,0,52
42,42,3.99,0,64
43,43,5.99,0,57
44,44,5.99,0,58
45,45,5.99,0,46
46,46,5.99,1,67
47,47,5.99,1,85
48,48,5.99,1,58
49,49,5.99,0,59
50,50,5.99,0,70
51,51,5.99,0,60
52,52,5.99,0,73
53,53,3.99,0,68
54,54,5.99,0,45
55,55,4.99,0,56
56,56,5.99,0,63
57,57,5.99,0,72
58,58,5.99,1,77
59,59,5.99,1,61
60,60,5.99,1,56
61,61,5.99,0,64
62,62,5.99,0,48
63,63,5.99,0,59
64,64,5.99,0,74
65,65,5.99,0,53
66,66,5.99,0,73
67,67,5.99,0,68
68,68,4.99,0,63
69,69,5.99,0,52
70,70,5.99,1,58
71,71,5.99,1,76
72,72,5.99,1,53
73,73,5.99,0,67
74,74,5.99,0,57
75,75,5.99,0,57
76,76,5.99,0,49
77,77,3.99,0,46
78,78,5.99,0,40
79,79,5.99,0,52
80,80,5.99,0,35
81,81,5.99,0,41
82,82,5.99,1,40
83,83,5.99,1,41
84,84,5.99,1,52
85,85,5.99,0,56
86,86,4.99,0,56
87,87,5.99,0,63
88,88,5.99,0,54
89,89,5.99,0,60
90,90,5.99,0,49
91,91,5.99,0,45
92,92,5.99,0,49
93,93,5.99,0,45
94,94,4.99,1,59
95,95,5.99,1,57
96,96,3.99,1,68
97,97,5.99,0,55
98,98,5.99,0,50
99,99,5.99,0,44
100,100,5.99,0,56
101,101,5.99,0,52
102,102,5.99,100,51
103,103,3.99,0,63
104,104,5.99,0,26
105,105,5.99,0,42
106,106,5.99,1,60
107,107,5.99,1,64
108,108,5.99,1,57
109,109,5.99,0,62
110,110,5.99,0,53
111,111,5.99,0,68
112,112,5.99,0,57
113,113,5.99,0,56
114,114,5.99,0,56
115,115,5.99,0,53
116,116,5.99,0,63
117,117,4.99,0,62
118,118,5.99,1,41
119,119,5.99,1,55
120,120,4.99,1,71
121,121,5.99,0,34
122,122,5.99,0,56
123,123,5.99,0,36
124,124,5.99,0,39
125,125,5.99,0,50
126,126,5.99,0,53
127,127,5.99,0,56
128,128,5.99,0,37
129,129,5.99,0,22
130,130,3.99,1,36
131,131,5.99,1,52
132,132,5.99,1,46
133,133,5.99,0,39
134,134,5.99,0,33
135,135,5.99,0,31
136,136,5.99,0,51
137,137,3.99,0,15
138,138,5.99,0,39
139,139,5.99,0,50
140,140,4.99,0,50
141,141,5.99,0,42
142,142,5.99,1,58
143,143,5.99,1,43
144,144,5.99,1,38
145,145,5.99,0,21
146,146,5.99,0,48
147,147,5.99,0,30
148,148,5.99,0,37
149,149,5.99,0,33
150,150,5.99,0,26
151,151,4.99,0,35
152,152,5.99,0,55
153,153,5.99,0,43
154,154,5.99,1,59
155,155,5.99,1,54
156,156,5.99,1,42
