"X","t","price","promotion","Sales"
1,1,5.99,0,38
2,2,5.99,0,47
3,3,5.99,0,61
4,4,5.99,0,47
5,5,4.99,0,40
6,6,5.99,0,39
7,7,5.99,0,44
8,8,3.99,0,33
9,9,3.99,0,45
10,10,5.99,1,72
11,11,5.99,1,86
12,12,5.99,1,79
13,13,5.99,0,47
14,14,3.99,0,44
15,15,5.99,0,63
16,16,5.99,0,66
17,17,3.99,0,59
18,18,5.99,0,59
19,19,3.99,0,76
20,20,5.99,0,53
21,21,5.99,0,66
22,22,3.99,1,67
23,23,5.99,1,82
24,24,5.99,1,71
25,25,5.99,0,46
26,26,4.99,0,47
27,27,5.99,0,47
28,28,4.99,0,27
29,29,5.99,0,60
30,30,5.99,0,50
31,31,5.99,0,30
32,32,5.99,0,22
33,33,4.99,0,41
34,34,5.99,1,67
35,35,5.99,1,68
36,36,3.99,1,54
37,37,5.99,0,42
38,38,5.99,0,47
39,39,5.99,0,34
40,40,5.99,0,36
41,41,3.99,0,53
42,42,5.99,0,40
43,43,5.99,0,46
44,44,5.99,0,38
45,45,3.99,0,61
46,46,5.99,1,70
47,47,3.99,1,78
48,48,4.99,1,88
49,49,5.99,0,50
50,50,5.99,0,63
51,51,5.99,0,53
52,52,5.99,0,36
53,53,4.99,0,70
54,54,4.99,0,68
55,55,4.99,0,53
56,56,5.99,0,44
57,57,5.99,0,58
58,58,5.99,1,94
59,59,4.99,1,88
60,60,5.99,1,84
61,61,5.99,0,48
62,62,5.99,0,76
63,63,4.99,0,71
64,64,3.99,0,65
65,65,5.99,0,59
66,66,5.99,0,72
67,67,5.99,0,57
68,68,5.99,0,58
69,69,4.99,0,47
70,70,3.99,1,78
71,71,5.99,1,78
72,72,5.99,1,90
73,73,5.99,0,67
74,74,5.99,0,48
75,75,4.99,0,68
76,76,5.99,0,67
77,77,5.99,0,47
78,78,5.99,0,55
79,79,5.99,0,39
80,80,5.99,0,39
81,81,3.99,0,16
82,82,5.99,1,80
83,83,5.99,1,71
84,84,3.99,1,65
85,85,3.99,0,36
86,86,5.99,0,37
87,87,5.99,0,60
88,88,3.99,0,29
89,89,5.99,0,52
90,90,3.99,0,40
91,91,5.99,0,52
92,92,5.99,0,51
93,93,5.99,0,71
94,94,5.99,1,68
95,95,5.99,1,67
96,96,5.99,1,50
97,97,5.99,0,70
98,98,5.99,0,55
99,99,5.99,0,50
100,100,5.99,0,62
101,101,5.99,0,48
102,102,5.99,0,46
103,103,5.99,100,48
104,104,5.99,100,60
105,105,5.99,0,64
106,106,5.99,1,65
107,107,5.99,1,101
108,108,5.99,1,75
109,109,3.99,0,58
110,110,4.99,0,72
111,111,5.99,0,73
112,112,5.99,0,68
113,113,5.99,0,62
114,114,5.99,0,69
115,115,5.99,0,74
116,116,5.99,0,55
117,117,5.99,0,63
118,118,5.99,1,79
119,119,3.99,1,67
120,120,5.99,1,103
121,121,5.99,0,54
122,122,5.99,0,82
123,123,4.99,0,73
124,124,5.99,0,47
125,125,5.99,0,58
126,126,5.99,0,69
127,127,3.99,0,42
128,128,5.99,0,75
129,129,5.99,0,34
130,130,5.99,1,82
131,131,5.99,1,85
132,132,5.99,1,74
133,133,5.99,0,49
134,134,5.99,0,47
135,135,4.99,0,43
136,136,4.99,0,68
137,137,5.99,0,66
138,138,5.99,0,39
139,139,5.99,0,49
140,140,5.99,0,35
141,141,5.99,0,50
142,142,5.99,1,60
143,143,5.99,1,65
144,144,3.99,1,67
145,145,5.99,0,53
146,146,5.99,0,57
147,147,5.99,0,66
148,148,3.99,0,34
149,149,5.99,0,67
150,150,5.99,0,57
151,151,5.99,0,73
152,152,5.99,0,62
153,153,5.99,0,52
154,154,3.99,1,84
155,155,5.99,1,89
156,156,4.99,1,96
