"X","t","price","promotion","Sales"
1,1,5.99,0,27
2,2,5.99,0,33
3,3,5.99,0,0
4,4,5.99,0,7
5,5,4.99,0,3
6,6,5.99,0,8
7,7,5.99,0,0
8,8,4.99,0,23
9,9,4.99,0,0
10,10,5.99,0,10
11,11,5.99,0,0
12,12,5.99,0,0
13,13,5.99,0,0
14,14,5.99,0,0
15,15,5.99,0,0
16,16,5.99,0,0
17,17,4.99,0,0
18,18,5.99,0,0
19,19,5.99,0,2
20,20,5.99,0,0
21,21,3.99,0,0
22,22,4.99,0,3
23,23,5.99,0,0
24,24,5.99,0,0
25,25,5.99,0,2
26,26,5.99,0,0
27,27,3.99,0,0
28,28,3.99,0,4
29,29,5.99,0,5
30,30,5.99,0,0
31,31,5.99,0,4
32,32,4.99,0,18
33,33,5.99,0,21
34,34,4.99,0,32
35,35,5.99,0,6
36,36,5.99,0,36
37,37,5.99,0,34
38,38,4.99,0,16
39,39,4.99,0,36
40,40,5.99,0,39
41,41,5.99,0,39
42,42,5.99,0,58
43,43,5.99,0,37
44,44,5.99,0,42
45,45,5.99,0,30
46,46,5.99,0,36
47,47,3.99,0,38
48,48,5.99,0,15
49,49,5.99,0,23
50,50,5.99,0,19
51,51,3.99,0,13
52,52,5.99,0,9
53,53,4.99,0,22
54,54,5.99,0,9
55,55,4.99,0,11
56,56,5.99,0,0
57,57,5.99,0,0
58,58,5.99,0,17
59,59,5.99,0,2
60,60,4.99,0,4
61,61,5.99,0,0
62,62,3.99,0,0
63,63,5.99,0,0
64,64,4.99,0,0
65,65,5.99,0,0
66,66,5.99,0,0
67,67,5.99,0,0
68,68,5.99,0,0
69,69,5.99,0,0
70,70,5.99,0,0
71,71,5.99,0,0
72,72,5.99,0,0
73,73,5.99,0,0
74,74,5.99,0,0
75,75,5.99,0,0
76,76,5.99,0,0
77,77,5.99,0,2
78,78,5.99,0,0
79,79,5.99,0,3
80,80,5.99,0,10
81,81,5.99,0,3
82,82,5.99,0,0
83,83,3.99,0,5
84,84,3.99,0,33
85,85,5.99,0,23
86,86,3.99,0,16
87,87,5.99,0,20
88,88,5.99,0,7
89,89,5.99,0,29
90,90,5.99,0,36
91,91,5.99,0,31
92,92,4.99,0,22
93,93,5.99,0,20
94,94,5.99,0,28
95,95,5.99,0,35
96,96,5.99,0,26
97,97,5.99,0,41
98,98,5.99,0,21
99,99,5.99,0,27
100,100,3.99,0,38
101,101,5.99,0,32
102,102,5.99,0,28
103,103,5.99,0,29
104,104,5.99,0,42
105,105,4.99,0,0
106,106,4.99,0,28
107,107,5.99,0,10
108,108,5.99,0,17
109,109,5.99,0,8
110,110,5.99,0,5
111,111,5.99,0,8
112,112,5.99,0,0
113,113,4.99,0,0
114,114,5.99,0,0
115,115,5.99,0,6
116,116,5.99,0,0
117,117,3.99,0,6
118,118,3.99,0,0
119,119,5.99,0,0
120,120,5.99,0,0
121,121,5.99,0,0
122,122,5.99,0,0
123,123,5.99,0,0
124,124,5.99,0,0
125,125,5.99,0,0
126,126,5.99,0,0
127,127,5.99,0,1
128,128,5.99,0,2
129,129,5.99,0,0
130,130,5.99,0,3
131,131,5.99,0,0
132,132,5.99,0,0
133,133,5.99,0,0
134,134,5.99,0,17
135,135,5.99,0,0
136,136,5.99,0,22
137,137,4.99,0,27
138,138,5.99,0,18
139,139,5.99,0,39
140,140,5.99,0,7
141,141,5.99,0,32
142,142,5.99,0,30
143,143,5.99,0,34
144,144,5.99,0,47
145,145,4.99,0,16
146,146,5.99,0,35
147,147,5.99,0,4
148,148,5.99,0,37
149,149,5.99,0,14
150,150,5.99,0,40
151,151,5.99,0,40
152,152,5.99,0,16
153,153,5.99,0,31
154,154,5.99,0,35
155,155,5.99,0,14
156,156,3.99,0,6
